type - 0 0
912895

type - 0 1
125823
248703
250751
251519
251646
494463
496511
497279
497406
500607
501375
501502
502911
503038
503292
985983
988031
988799
988926
992127
992895
993022
994431
994558
994812
1000319
1001087
1001214
1002623
1002750
1003004
1005695
1005822
1006076
1006584

type - 0 2
13685
25973
26997
27253
27365
27369
27370
50549
51573
51829
51941
51945
51946
53621
53877
53989
53993
53994
54389
54501
54505
54506
54725
54729
54730
54737
54738
54740
99701
100725
100981
101093
101097
101098
102773
103029
103141
103145
103146
103541
103653
103657
103658
103877
103881
103882
103889
103890
103892
106869
107125
107237
107241
107242
107637
107749
107753
107754
107973
107977
107978
107985
107986
107988
108661
108773
108777
108778
108997
109001
109002
109009
109010
109012
109445
109449
109450
109457
109458
109460
109473
109474
109476
109480
198005
199029
199285
199397
199401
199402
201077
201333
201445
201449
201450
201845
201957
201961
201962
202181
202185
202186
202193
202194
202196
205173
205429
205541
205545
205546
205941
206053
206057
206058
206277
206281
206282
206289
206290
206292
206965
207077
207081
207082
207301
207305
207306
207313
207314
207316
207749
207753
207754
207761
207762
207764
207777
207778
207780
207784
213365
213621
213733
213737
213738
214133
214245
214249
214250
214469
214473
214474
214481
214482
214484
215157
215269
215273
215274
215493
215497
215498
215505
215506
215508
215941
215945
215946
215953
215954
215956
215969
215970
215972
215976
217205
217317
217321
217322
217541
217545
217546
217553
217554
217556
217989
217993
217994
218001
218002
218004
218017
218018
218020
218024
218885
218889
218890
218897
218898
218900
218913
218914
218916
218920
218945
218946
218948
218952
218960
394613
395637
395893
396005
396009
396010
397685
397941
398053
398057
398058
398453
398565
398569
398570
398789
398793
398794
398801
398802
398804
401781
402037
402149
402153
402154
402549
402661
402665
402666
402885
402889
402890
402897
402898
402900
403573
403685
403689
403690
403909
403913
403914
403921
403922
403924
404357
404361
404362
404369
404370
404372
404385
404386
404388
404392
409973
410229
410341
410345
410346
410741
410853
410857
410858
411077
411081
411082
411089
411090
411092
411765
411877
411881
411882
412101
412105
412106
412113
412114
412116
412549
412553
412554
412561
412562
412564
412577
412578
412580
412584
413813
413925
413929
413930
414149
414153
414154
414161
414162
414164
414597
414601
414602
414609
414610
414612
414625
414626
414628
414632
415493
415497
415498
415505
415506
415508
415521
415522
415524
415528
415553
415554
415556
415560
415568
426357
426613
426725
426729
426730
427125
427237
427241
427242
427461
427465
427466
427473
427474
427476
428149
428261
428265
428266
428485
428489
428490
428497
428498
428500
428933
428937
428938
428945
428946
428948
428961
428962
428964
428968
430197
430309
430313
430314
430533
430537
430538
430545
430546
430548
430981
430985
430986
430993
430994
430996
431009
431010
431012
431016
431877
431881
431882
431889
431890
431892
431905
431906
431908
431912
431937
431938
431940
431944
431952
434293
434405
434409
434410
434629
434633
434634
434641
434642
434644
435077
435081
435082
435089
435090
435092
435105
435106
435108
435112
435973
435977
435978
435985
435986
435988
436001
436002
436004
436008
436033
436034
436036
436040
436048
437765
437769
437770
437777
437778
437780
437793
437794
437796
437800
437825
437826
437828
437832
437840
437889
437890
437892
437896
437904
437920
787829
788853
789109
789221
789225
789226
790901
791157
791269
791273
791274
791669
791781
791785
791786
792005
792009
792010
792017
792018
792020
794997
795253
795365
795369
795370
795765
795877
795881
795882
796101
796105
796106
796113
796114
796116
796789
796901
796905
796906
797125
797129
797130
797137
797138
797140
797573
797577
797578
797585
797586
797588
797601
797602
797604
797608
803189
803445
803557
803561
803562
803957
804069
804073
804074
804293
804297
804298
804305
804306
804308
804981
805093
805097
805098
805317
805321
805322
805329
805330
805332
805765
805769
805770
805777
805778
805780
805793
805794
805796
805800
807029
807141
807145
807146
807365
807369
807370
807377
807378
807380
807813
807817
807818
807825
807826
807828
807841
807842
807844
807848
808709
808713
808714
808721
808722
808724
808737
808738
808740
808744
808769
808770
808772
808776
808784
819573
819829
819941
819945
819946
820341
820453
820457
820458
820677
820681
820682
820689
820690
820692
821365
821477
821481
821482
821701
821705
821706
821713
821714
821716
822149
822153
822154
822161
822162
822164
822177
822178
822180
822184
823413
823525
823529
823530
823749
823753
823754
823761
823762
823764
824197
824201
824202
824209
824210
824212
824225
824226
824228
824232
825093
825097
825098
825105
825106
825108
825121
825122
825124
825128
825153
825154
825156
825160
825168
827509
827621
827625
827626
827845
827849
827850
827857
827858
827860
828293
828297
828298
828305
828306
828308
828321
828322
828324
828328
829189
829193
829194
829201
829202
829204
829217
829218
829220
829224
829249
829250
829252
829256
829264
830981
830985
830986
830993
830994
830996
831009
831010
831012
831016
831041
831042
831044
831048
831056
831105
831106
831108
831112
831120
831136
852341
852597
852709
852713
852714
853109
853221
853225
853226
853445
853449
853450
853457
853458
853460
854133
854245
854249
854250
854469
854473
854474
854481
854482
854484
854917
854921
854922
854929
854930
854932
854945
854946
854948
854952
856181
856293
856297
856298
856517
856521
856522
856529
856530
856532
856965
856969
856970
856977
856978
856980
856993
856994
856996
857000
857861
857865
857866
857873
857874
857876
857889
857890
857892
857896
857921
857922
857924
857928
857936
860277
860389
860393
860394
860613
860617
860618
860625
860626
860628
861061
861065
861066
861073
861074
861076
861089
861090
861092
861096
861957
861961
861962
861969
861970
861972
861985
861986
861988
861992
862017
862018
862020
862024
862032
863749
863753
863754
863761
863762
863764
863777
863778
863780
863784
863809
863810
863812
863816
863824
863873
863874
863876
863880
863888
863904
868469
868581
868585
868586
868805
868809
868810
868817
868818
868820
869253
869257
869258
869265
869266
869268
869281
869282
869284
869288
870149
870153
870154
870161
870162
870164
870177
870178
870180
870184
870209
870210
870212
870216
870224
871941
871945
871946
871953
871954
871956
871969
871970
871972
871976
872001
872002
872004
872008
872016
872065
872066
872068
872072
872080
872096
875525
875529
875530
875537
875538
875540
875553
875554
875556
875560
875585
875586
875588
875592
875600
875649
875650
875652
875656
875664
875680
875777
875778
875780
875784
875792
875808
875840

type - 0 3
43869
76637
84829
86877
87645
87709
87737
87738
142173
150365
152413
153181
153245
153273
153274
166749
168797
169565
169629
169657
169658
172893
173661
173725
173753
173754
175197
175261
175289
175290
175389
175417
175418
175473
175474
175476
273245
281437
283485
284253
284317
284345
284346
297821
299869
300637
300701
300729
300730
303965
304733
304797
304825
304826
306269
306333
306361
306362
306461
306489
306490
306545
306546
306548
330589
332637
333405
333469
333497
333498
336733
337501
337565
337593
337594
339037
339101
339129
339130
339229
339257
339258
339313
339314
339316
344925
345693
345757
345785
345786
347229
347293
347321
347322
347421
347449
347450
347505
347506
347508
350301
350365
350393
350394
350493
350521
350522
350577
350578
350580
350749
350777
350778
350833
350834
350836
350945
350946
350948
350952
535389
543581
545629
546397
546461
546489
546490
559965
562013
562781
562845
562873
562874
566109
566877
566941
566969
566970
568413
568477
568505
568506
568605
568633
568634
568689
568690
568692
592733
594781
595549
595613
595641
595642
598877
599645
599709
599737
599738
601181
601245
601273
601274
601373
601401
601402
601457
601458
601460
607069
607837
607901
607929
607930
609373
609437
609465
609466
609565
609593
609594
609649
609650
609652
612445
612509
612537
612538
612637
612665
612666
612721
612722
612724
612893
612921
612922
612977
612978
612980
613089
613090
613092
613096
658269
660317
661085
661149
661177
661178
664413
665181
665245
665273
665274
666717
666781
666809
666810
666909
666937
666938
666993
666994
666996
672605
673373
673437
673465
673466
674909
674973
675001
675002
675101
675129
675130
675185
675186
675188
677981
678045
678073
678074
678173
678201
678202
678257
678258
678260
678429
678457
678458
678513
678514
678516
678625
678626
678628
678632
688989
689757
689821
689849
689850
691293
691357
691385
691386
691485
691513
691514
691569
691570
691572
694365
694429
694457
694458
694557
694585
694586
694641
694642
694644
694813
694841
694842
694897
694898
694900
695009
695010
695012
695016
700509
700573
700601
700602
700701
700729
700730
700785
700786
700788
700957
700985
700986
701041
701042
701044
701153
701154
701156
701160
701469
701497
701498
701553
701554
701556
701665
701666
701668
701672
701889
701890
701892
701896
701904

type - 0 4
522171
1042363
1044283
1044339
1044342

type - 0 5
47087
79855
92143
94159
94174
145391
157679
159695
159710
182255
184271
184286
188303
188318
188348
276463
288751
290767
290782
313327
315343
315358
319375
319390
319420
362479
364495
364510
368527
368542
368572
376591
376606
376636
376696
538607
550895
552911
552926
575471
577487
577502
581519
581534
581564
624623
626639
626654
630671
630686
630716
638735
638750
638780
638840
722927
724943
724958
728975
728990
729020
737039
737054
737084
737144
753167
753182
753212
753272
753392

type - 0 6
243135
472511
484799
485823
486207
486270
931263
943551
944575
944959
945022
968127
969151
969535
969598
971199
971583
971646
972351
972414
972540

type - 0 7
195421
326493
389981
390749
390813
390841
390842
588637
652125
652893
652957
652985
652986
779101
779869
779933
779961
779962
781405
781469
781497
781498
781597
781625
781626
781681
781682
781684

type - 0 8
784383

type - 0 9
1048311

type - 0 10
458231
851447
915959
916455
916462

type - 0 11
262103
524183
524199
524206
1048343
1048359
1048366
1048391
1048398
1048412

type - 0 12
1007325

type - 0 13
437215
830431
863199
871391
873439
874399
874430

type - 0 14
392639
654783
784831
785215
785278

type - 0 15
196463
327535
392815
392911
392926
589679
654959
655055
655070
785519
785615
785630
785807
785822
785852

type - 0 16
219007
415615
431999
436095
437887
438014
808831
825215
829311
831103
831230
857983
862079
863871
863998
870271
872063
872190
875647
875774
876028

type - 0 17
523999
1047775
1047967
1047998

type - 0 18
98027
163563
195819
196043
196051
196054
294635
326891
327115
327123
327126
391403
391627
391635
391638
392075
392083
392086
392099
392102
392108
556779
589035
589259
589267
589270
653547
653771
653779
653782
654219
654227
654230
654243
654246
654252
782571
782795
782803
782806
783243
783251
783254
783267
783270
783276
784139
784147
784150
784163
784166
784172
784195
784198
784204
784216

type - 0 19
783851


type - 1 0
191957
323029
380373
383445
383893
383909
383913
383914
585173
642517
645589
646037
646053
646057
646058
757205
760277
760725
760741
760745
760746
766421
766869
766885
766889
766890
767765
767781
767785
767786
767813
767817
767818
767825
767826
767828


type - 1 1
522203
1042395
1044379
1044403
1044406


type - 1 2
262075
524091
524147
524150
1048123
1048179
1048182
1048291
1048294
1048300


type - 1 3
392687
654831
784879
785359
785374


type - 1 4
490491
949243
979963
980979
980982


type - 1 5
96255
161791
190463
192510
292863
321535
323582
378879
380926
385020
555007
583679
585726
641023
643070
647164
755711
757758
761852
770040


type - 1 6
229335
425943
458647
458663
458670
819159
851863
851879
851886
917271
917287
917294
917319
917326
917340


type - 1 7
243695
473071
485359
487375
487390
931823
944111
946127
946142
968687
970703
970718
974735
974750
974780


type - 1 8
252765
498525
504669
505437
505501
505529
505530
990045
996189
996957
997021
997049
997050
1008477
1009245
1009309
1009337
1009338
1010781
1010845
1010873
1010874
1010973
1011001
1011002
1011057
1011058
1011060


type - 1 9
32749
65485
65497
65498
130957
130969
130970
130993
130994
130996
261901
261913
261914
261937
261938
261940
261985
261986
261988
261992
523789
523801
523802
523825
523826
523828
523873
523874
523876
523880
523969
523970
523972
523976
523984
1047565
1047577
1047578
1047601
1047602
1047604
1047649
1047650
1047652
1047656
1047745
1047746
1047748
1047752
1047760
1047937
1047938
1047940
1047944
1047952
1047968


type - 1 10
383999
646143
760831
766975
767998


type - 1 11
57309
106461
114589
114617
114618
204765
212893
212921
212922
229149
229177
229178
229233
229234
229236
401373
409501
409529
409530
425757
425785
425786
425841
425842
425844
458269
458297
458298
458353
458354
458356
458465
458466
458468
458472
794589
802717
802745
802746
818973
819001
819002
819057
819058
819060
851485
851513
851514
851569
851570
851572
851681
851682
851684
851688
916509
916537
916538
916593
916594
916596
916705
916706
916708
916712
916929
916930
916932
916936
916944


type - 1 12
30463
59135
60671
60926
116479
118015
118270
121087
121342
121852
231167
232703
232958
235775
236030
236540
241919
242174
242684
243704
460543
462079
462334
465151
465406
465916
471295
471550
472060
473080
483583
483838
484348
485368
487408
919295
920831
921086
923903
924158
924668
930047
930302
930812
931832
942335
942590
943100
944120
946160
966911
967166
967676
968696
970736
974816


type - 1 13
1044443


type - 1 14
243693
473069
485357
487373
487385
487386
931821
944109
946125
946137
946138
968685
970701
970713
970714
974733
974745
974746
974769
974770
974772


type - 1 15
978875


type - 1 16
1040343


type - 1 17
87765
153301
169685
173781
175317
175509
175525
175529
175530
284373
300757
304853
306389
306581
306597
306601
306602
333525
337621
339157
339349
339365
339369
339370
345813
347349
347541
347557
347561
347562
350421
350613
350629
350633
350634
350997
351013
351017
351018
351045
351049
351050
351057
351058
351060
546517
562901
566997
568533
568725
568741
568745
568746
595669
599765
601301
601493
601509
601513
601514
607957
609493
609685
609701
609705
609706
612565
612757
612773
612777
612778
613141
613157
613161
613162
613189
613193
613194
613201
613202
613204
661205
665301
666837
667029
667045
667049
667050
673493
675029
675221
675237
675241
675242
678101
678293
678309
678313
678314
678677
678693
678697
678698
678725
678729
678730
678737
678738
678740
689877
691413
691605
691621
691625
691626
694485
694677
694693
694697
694698
695061
695077
695081
695082
695109
695113
695114
695121
695122
695124
700629
700821
700837
700841
700842
701205
701221
701225
701226
701253
701257
701258
701265
701266
701268
701973
701989
701993
701994
702021
702025
702026
702033
702034
702036
702085
702089
702090
702097
702098
702100
702113
702114
702116
702120


type - 1 18
114423
212727
228599
228839
228846
409335
425207
425447
425454
456951
457191
457198
457671
457678
457692
802551
818423
818663
818670
850167
850407
850414
850887
850894
850908
913655
913895
913902
914375
914382
914396
915335
915342
915356
915384


type - 1 19
262109
524189
524217
524218
1048349
1048377
1048378
1048433
1048434
1048436